payment_id,payment_amount,payment_date,loan_agreement_id
1,2866.89,2022-04-17,1
2,3749.47,2023-01-23,2
3,217.06,2022-05-06,3
4,3630.21,2019-07-30,4
5,8621.45,2023-02-21,5
6,8257.32,2019-09-20,6
7,14870.85,2023-04-04,7
8,9901.39,2018-08-08,8
9,4219.95,2018-03-11,9
10,1275.77,2023-10-24,10
11,3932.03,2023-05-28,11
12,8379.76,2020-03-05,12
13,8500.13,2023-10-26,13
14,2915.26,2023-02-22,14
15,6070.28,2022-12-30,15
16,5752.88,2023-07-17,16
17,2348.62,2023-11-26,17
18,4402.51,2021-01-14,18
19,12964.79,2023-11-26,19
20,6531.97,2022-07-05,20
21,11377.3,2021-06-05,21
22,12634.2,2021-08-13,22
23,6523.87,2023-11-26,23
24,6147.09,2023-05-24,24
25,1258.78,2019-06-23,25
26,11401.89,2019-05-23,26
27,2723.24,2022-03-01,27
28,11954.27,2022-11-18,28
29,7795.03,2023-07-14,29
30,12054.42,2018-11-16,30
31,4382.33,2022-04-25,31
32,7278.63,2023-10-14,32
33,4488.75,2021-06-07,33
34,8525.22,2023-11-26,34
35,10327.09,2023-04-21,35
36,2061.86,2022-10-03,36
37,10379.93,2018-01-08,37
38,9983.69,2023-03-14,38
39,3471.4,2019-02-14,39
40,6736.15,2022-06-03,40
41,7795.71,2023-11-17,41
42,4932.71,2023-08-14,42
43,6834.47,2018-06-29,43
44,3968.23,2016-02-18,44
45,484.65,2018-05-07,45
46,7244.73,2021-03-24,46
47,981.17,2022-01-14,47
48,4684.3,2023-10-12,48
49,5080.67,2023-06-09,49
50,6359.7,2023-11-26,50
51,4826.72,2021-08-27,51
52,4119.41,2023-11-26,52
53,8777.86,2021-04-30,53
54,1097.44,2022-07-23,54
55,13366.85,2019-12-03,55
56,1929.48,2023-11-26,56
57,11026.1,2023-11-26,57
58,2791.67,2023-04-04,58
59,11181.76,2021-05-26,59
60,11833.18,2018-09-11,60
61,6144.42,2023-11-26,61
62,3326.71,2018-12-10,62
63,3413.06,2023-08-13,63
64,3251.45,2016-01-04,64
65,2689.53,2023-07-28,65
66,12264.71,2023-11-26,66
67,13803.64,2020-07-17,67
68,14513.06,2023-11-26,68
69,8692.05,2023-11-10,69
70,2792.63,2021-01-07,70
71,9452.77,2021-10-14,71
72,8159.84,2020-01-26,72
73,13367.15,2017-01-08,73
74,1487.05,2018-09-07,74
75,9953.52,2023-01-02,75
76,3937.97,2021-02-10,76
77,5697.01,2022-03-07,77
78,5299.43,2019-01-07,78
79,11185.75,2020-12-09,79
80,6162.73,2020-12-26,80
81,7250.15,2023-11-26,81
82,951.71,2021-09-23,82
83,6932.16,2022-08-14,83
84,10922.47,2023-07-07,84
85,7140.38,2023-03-23,85
86,8976.78,2019-07-27,86
87,13305.46,2021-12-25,87
88,6498.08,2022-05-24,88
89,13047.22,2022-11-12,89
90,6160.38,2023-01-16,90
91,8917.31,2022-04-08,91
92,5001.47,2020-03-31,92
93,11117.46,2018-03-16,93
94,5600.4,2017-12-20,94
95,11630.32,2020-06-20,95
96,7950.09,2022-08-09,96
97,1365.71,2021-11-19,97
98,6741.08,2023-11-01,98
99,778.53,2020-08-01,99
100,6744.43,2020-06-10,100
101,12906.74,2023-04-30,101
102,10146.03,2022-09-30,102
103,10722.91,2017-05-06,103
104,8358.72,2019-06-09,104
105,11458.08,2023-04-09,105
106,6284.03,2021-10-02,106
107,14605.24,2022-10-12,107
108,13409.85,2022-03-15,108
109,921.6,2023-11-26,109
110,10588.21,2023-05-25,110
111,2463.2,2021-06-03,111
112,9845.15,2018-11-01,112
113,5891.57,2017-01-23,113
114,1591.92,2023-11-26,114
115,6171.91,2019-10-20,115
116,8472.42,2023-05-09,116
117,2656.09,2022-05-18,117
118,3441.68,2022-12-11,118
119,3617.99,2023-01-29,119
120,11432.89,2023-11-26,120
121,6960.28,2020-04-30,121
122,4319.97,2023-08-01,122
123,4487.29,2019-04-14,123
124,4631.4,2020-07-20,124
125,9711.99,2020-10-04,125
126,14039.36,2020-11-15,126
127,4749.07,2023-11-26,127
128,1398.32,2023-11-26,128
129,448.12,2023-11-26,129
130,5830.81,2022-08-11,130
131,1924.38,2019-11-20,131
132,14502.02,2022-06-23,132
133,14442.68,2017-06-24,133
134,6373.39,2016-11-28,134
135,13734.06,2023-08-28,135
136,2037.95,2023-11-26,136
137,8759.01,2023-11-26,137
138,12871.17,2021-05-25,138
139,10106.47,2023-11-26,139
140,11938.64,2022-05-26,140
141,1369.76,2023-10-31,141
142,1041.79,2018-12-13,142
143,11711.62,2020-10-20,143
144,6031.55,2021-12-13,144
145,551.17,2023-05-26,145
146,7790.79,2018-03-25,146
147,418.2,2023-11-26,147
148,11227.38,2020-05-03,148
149,4059.7,2017-02-26,149
150,14700.36,2023-09-24,150
151,9103.58,2023-03-27,151
152,10838.23,2023-11-26,152
153,1515.35,2023-02-02,153
154,7041.39,2023-09-27,154
155,5752.75,2020-04-14,155
156,2029.77,2022-07-05,156
157,3707.39,2022-12-02,157
158,1256.88,2019-12-28,158
159,3021.39,2017-07-24,159
160,608.8,2016-10-23,160
161,7084.21,2023-10-19,161
162,5951.2,2022-05-02,162
163,2725.01,2021-08-24,163
164,10261.9,2023-06-13,164
165,3900.0,2023-01-07,165
166,10459.74,2020-12-10,166
167,5490.17,2018-09-29,167
168,6888.62,2023-07-21,168
169,4932.89,2017-07-08,169
170,872.74,2020-06-25,170
171,1055.37,2023-07-22,171
172,3319.54,2018-06-01,172
173,7179.79,2021-12-18,173
174,1002.06,2020-03-04,174
175,7854.21,2022-02-08,175
176,8430.15,2018-08-15,176
177,211.72,2023-11-14,177
178,8905.4,2019-06-19,178
179,13098.03,2023-07-22,179
180,2371.41,2022-08-31,180
181,3838.89,2023-11-26,181
182,3681.63,2023-06-18,182
183,9677.59,2023-01-10,183
184,4947.86,2018-12-09,184
185,5101.85,2021-03-23,185
186,2043.9,2022-02-10,186
187,12800.17,2023-11-15,187
188,662.37,2021-10-25,188
189,10466.78,2022-06-12,189
190,209.8,2023-11-26,190
191,11788.93,2018-12-04,191
192,13659.76,2019-04-25,192
193,1359.83,2023-11-26,193
194,4669.18,2023-11-26,194
195,12490.91,2020-10-21,195
196,14122.66,2022-09-16,196
197,8400.55,2023-10-07,197
198,7157.35,2019-09-16,198
199,5452.77,2017-01-17,199
200,3794.95,2022-11-20,200
201,14698.67,2021-10-17,201
202,5637.61,2018-07-20,202
203,4946.17,2019-03-21,203
204,5764.37,2019-08-02,204
205,3406.4,2018-04-12,205
206,11481.05,2023-11-26,206
207,2699.5,2023-01-13,207
208,4549.65,2021-03-15,208
209,11655.98,2023-08-05,209
210,5901.17,2023-02-15,210
211,767.94,2022-04-16,211
212,14460.15,2020-02-24,212
213,10357.73,2019-09-22,213
214,10032.04,2020-07-30,214
215,11553.59,2022-08-14,215
216,203.72,2023-10-15,216
217,10223.39,2020-02-28,217
218,13788.85,2023-11-25,218
219,8923.48,2023-06-26,219
220,11239.25,2020-10-02,220
221,5104.89,2023-11-18,221
222,12559.15,2023-11-26,222
223,227.2,2023-11-26,223
224,1153.89,2023-01-18,224
225,5838.06,2020-11-02,225
226,9231.74,2022-01-14,226
227,12498.38,2022-08-06,227
228,12801.28,2021-05-06,228
229,9990.3,2023-11-26,229
230,12512.34,2019-06-15,230
231,4047.6,2017-10-13,231
232,957.56,2023-11-26,232
233,12841.85,2020-09-16,233
234,7053.31,2017-07-06,234
235,1529.67,2018-08-24,235
236,2053.14,2019-10-19,236
237,12580.73,2023-11-26,237
238,12915.25,2023-05-20,238
239,9069.51,2022-11-01,239
240,5397.95,2020-09-14,240
241,7841.48,2023-04-23,241
242,8004.32,2022-12-22,242
243,8391.6,2023-10-26,243
244,208.41,2023-11-26,244
245,14200.44,2022-11-28,245
246,2243.0,2020-12-15,246
247,2275.46,2023-11-26,247
248,9060.89,2021-06-30,248
249,6131.99,2021-04-16,249
250,12929.69,2020-09-06,250
251,1440.4,2021-06-12,251
252,13013.95,2023-09-08,252
253,1996.59,2016-12-31,253
254,541.29,2021-06-27,254
255,7869.98,2016-12-20,255
256,11422.42,2019-11-22,256
257,9814.28,2023-01-24,257
258,2792.44,2019-05-04,258
259,2678.96,2023-11-06,259
260,8145.07,2019-01-27,260
261,11365.78,2019-10-25,261
262,1179.94,2019-02-18,262
263,11609.68,2023-02-18,263
264,7169.68,2021-03-02,264
265,14388.28,2019-06-05,265
266,5995.09,2023-11-26,266
267,14072.08,2021-10-06,267
268,2184.96,2023-11-26,268
269,8156.62,2023-11-26,269
270,487.29,2019-12-02,270
271,4640.23,2023-03-31,271
272,4168.24,2019-03-13,272
273,10591.16,2022-02-12,273
274,7955.15,2020-11-03,274
275,10207.52,2023-02-05,275
276,612.32,2023-11-26,276
277,1922.1,2022-10-20,277
278,6925.63,2022-12-01,278
279,10693.84,2021-10-30,279
280,3293.67,2018-06-17,280
281,2735.92,2020-04-22,281
282,13307.29,2023-06-06,282
283,6386.57,2023-11-26,283
284,14923.45,2023-11-21,284
285,2102.34,2023-11-26,285
286,3132.47,2023-05-05,286
287,13070.84,2022-02-05,287
288,7423.54,2023-02-24,288
289,8386.76,2017-02-14,289
290,11315.59,2022-11-25,290
291,12133.14,2018-04-16,291
292,13854.21,2020-01-08,292
293,9630.64,2023-10-20,293
294,655.67,2023-01-20,294
295,6824.8,2018-04-27,295
296,5705.23,2023-01-26,296
297,3522.97,2023-05-11,297
298,13963.99,2022-04-13,298
299,9874.86,2022-03-18,299
300,4925.91,2019-09-10,300
301,5942.53,2023-04-24,301
302,10975.07,2023-11-26,302
303,8919.17,2023-10-18,303
304,2877.36,2023-01-22,304
305,5313.25,2023-10-13,305
306,3986.48,2019-12-26,306
307,13095.71,2021-12-17,307
308,8073.66,2020-11-25,308
309,4105.14,2019-09-26,309
310,8639.89,2023-06-29,310
311,4193.96,2023-01-06,311
312,2191.49,2023-02-23,312
313,4330.26,2020-11-19,313
314,11817.89,2020-02-04,314
315,1039.44,2016-12-05,315
316,12281.93,2021-11-01,316
317,12575.05,2020-12-25,317
318,12348.7,2019-12-20,318
319,14408.29,2020-02-17,319
320,2968.94,2021-12-02,320
321,14148.28,2019-11-15,321
322,2064.17,2019-01-18,322
323,6926.21,2023-03-10,323
324,11534.71,2023-11-25,324
325,3054.48,2022-12-16,325
326,11539.09,2019-02-04,326
327,14822.34,2019-11-15,327
328,8444.09,2023-10-21,328
329,11180.8,2022-05-10,329
330,3466.33,2022-08-10,330
331,2848.23,2023-06-13,331
332,9205.41,2023-01-20,332
333,9141.46,2020-10-25,333
334,10644.76,2022-09-20,334
335,971.07,2016-08-16,335
336,12104.34,2023-11-26,336
337,9828.96,2019-06-05,337
338,363.56,2023-11-26,338
339,6795.13,2022-10-16,339
340,11138.47,2023-08-09,340
341,2206.4,2016-06-16,341
342,545.21,2019-06-23,342
343,12539.75,2023-11-26,343
344,5592.9,2022-12-05,344
345,2676.75,2021-10-24,345
346,2500.24,2023-09-10,346
347,12769.8,2022-02-27,347
348,6435.26,2022-05-29,348
349,10772.24,2022-07-14,349
350,594.96,2023-07-03,350
351,9944.34,2018-12-01,351
352,12298.14,2019-04-11,352
353,10819.12,2016-03-16,353
354,4290.76,2021-09-15,354
355,7629.04,2022-09-23,355
356,11330.9,2022-10-21,356
357,10190.39,2018-02-08,357
358,2866.99,2023-11-26,358
359,3261.38,2021-10-20,359
360,14841.08,2023-09-27,360
361,2971.47,2022-01-23,361
362,5848.59,2019-06-01,362
363,5312.64,2022-10-17,363
364,248.07,2022-12-26,364
365,2608.55,2023-03-28,365
366,14400.71,2016-08-29,366
367,676.42,2023-05-01,367
368,6449.74,2019-07-11,368
369,7521.13,2018-10-26,369
370,9890.72,2022-07-26,370
371,863.65,2018-10-28,371
372,12544.24,2023-06-06,372
373,6316.03,2021-04-17,373
374,11053.24,2023-07-27,374
375,6322.15,2022-03-12,375
376,13396.92,2023-11-26,376
377,2794.74,2022-12-28,377
378,6392.14,2020-12-18,378
379,10357.96,2023-11-26,379
380,3290.58,2021-08-19,380
381,11365.59,2019-10-17,381
382,7407.57,2023-04-30,382
383,11088.77,2022-01-21,383
384,6260.65,2021-12-01,384
385,3529.6,2023-08-07,385
386,3421.35,2018-08-18,386
387,6291.7,2017-04-25,387
388,822.52,2023-03-14,388
389,5789.34,2022-08-08,389
390,5364.38,2023-11-26,390
391,7608.78,2017-08-01,391
392,7220.62,2018-07-07,392
393,9466.62,2023-11-26,393
394,12121.45,2016-11-28,394
395,7507.99,2022-02-03,395
396,6797.4,2022-02-12,396
397,7491.97,2017-05-07,397
398,12470.35,2022-08-04,398
399,14595.89,2022-04-21,399
400,4985.55,2022-02-26,400
401,10413.3,2023-10-31,401
402,6233.54,2019-05-20,402
403,9650.04,2023-10-04,403
404,14941.95,2020-09-28,404
405,14989.92,2020-10-09,405
406,5129.67,2023-11-06,406
407,1789.21,2018-03-10,407
408,6960.91,2022-11-20,408
409,8509.82,2023-11-26,409
410,6807.93,2021-06-28,410
411,3429.4,2022-06-05,411
412,8104.48,2022-01-26,412
413,7521.6,2022-05-20,413
414,14344.1,2022-05-28,414
415,4354.68,2022-07-02,415
416,13912.87,2020-07-30,416
417,492.6,2022-07-08,417
418,488.62,2023-03-02,418
419,3530.56,2023-11-26,419
420,14840.58,2020-01-05,420
421,11511.02,2017-01-09,421
422,6423.4,2023-05-19,422
423,4803.97,2018-10-21,423
424,8890.37,2021-10-28,424
425,10144.42,2020-03-17,425
426,11881.79,2023-11-26,426
427,3096.79,2018-10-12,427
428,5262.2,2023-09-30,428
429,9391.6,2018-12-04,429
430,6352.02,2019-07-10,430
431,8488.76,2023-02-28,431
432,14667.14,2019-06-20,432
433,13757.57,2018-08-31,433
434,13525.84,2020-03-19,434
435,2838.81,2018-05-30,435
436,2568.16,2022-07-07,436
437,1399.6,2023-11-26,437
438,14847.53,2023-11-26,438
439,5216.47,2023-08-22,439
440,4092.47,2022-08-09,440
441,14686.54,2023-03-28,441
442,4511.56,2020-01-14,442
443,6498.57,2021-03-10,443
444,9011.37,2020-01-20,444
445,10053.35,2023-08-03,445
446,2381.72,2023-11-26,446
447,4306.22,2023-11-26,447
448,13242.83,2020-05-05,448
449,2670.41,2023-11-06,449
450,10621.81,2023-03-23,450
451,9604.0,2022-05-04,451
452,14362.84,2023-11-26,452
453,12018.84,2023-11-10,453
454,9679.09,2017-09-17,454
455,9650.18,2022-11-07,455
456,1443.43,2023-11-26,456
457,9801.15,2016-11-16,457
458,6302.38,2020-11-29,458
459,7299.8,2022-04-25,459
460,6732.02,2022-03-25,460
461,12637.8,2023-05-27,461
462,5510.97,2023-09-19,462
463,1269.06,2020-04-11,463
464,7234.37,2017-07-18,464
465,2947.92,2018-12-15,465
466,11914.0,2023-11-26,466
467,5314.09,2022-09-20,467
468,8569.48,2021-07-03,468
469,10491.37,2019-02-05,469
470,8031.83,2023-10-23,470
471,2040.42,2023-11-26,471
472,2797.63,2018-02-01,472
473,3122.35,2022-04-18,473
474,13714.35,2020-05-20,474
475,1186.35,2019-06-21,475
476,14822.26,2022-09-30,476
477,8538.33,2022-06-22,477
478,5418.11,2021-09-03,478
479,7228.25,2023-06-06,479
480,11531.11,2021-03-10,480
481,3233.32,2023-11-26,481
482,5306.82,2023-11-26,482
483,11639.99,2022-08-17,483
484,5742.23,2020-03-09,484
485,684.88,2022-11-27,485
486,3497.29,2023-04-05,486
487,1464.51,2017-05-23,487
488,5577.01,2023-11-26,488
489,13074.78,2023-06-22,489
490,786.45,2019-12-31,490
491,6179.73,2017-12-06,491
492,3699.37,2023-11-26,492
493,4742.08,2018-01-20,493
494,12386.45,2021-07-01,494
495,5439.75,2019-09-13,495
496,11794.15,2023-10-25,496
497,8061.1,2020-07-29,497
498,6701.11,2023-09-12,498
499,3183.98,2022-06-19,499
500,2813.15,2020-08-03,500
501,14219.09,2023-06-18,501
502,11434.91,2023-11-26,502
503,5732.51,2020-06-30,503
504,1088.56,2016-01-30,504
505,888.2,2022-08-12,505
506,6726.01,2023-11-03,506
507,9114.47,2023-11-16,507
508,5865.8,2019-03-08,508
509,9915.3,2017-12-17,509
510,14653.45,2022-06-09,510
511,1778.35,2023-08-12,511
512,204.73,2023-04-24,512
513,1056.7,2018-12-15,513
514,3355.39,2020-05-10,514
515,3809.17,2017-03-06,515
516,8449.36,2023-11-14,516
517,4126.85,2020-01-10,517
518,1942.6,2022-06-06,518
519,12697.24,2022-12-18,519
520,13951.92,2021-07-27,520
521,3088.43,2020-02-04,521
522,13217.84,2022-05-09,522
523,3129.05,2022-02-11,523
524,3086.9,2023-09-11,524
525,1883.93,2017-11-26,525
526,12303.96,2023-02-14,526
527,5425.97,2022-12-02,527
528,12560.77,2023-06-09,528
529,3120.75,2023-07-18,529
530,8457.14,2022-07-02,530
531,11898.96,2023-02-25,531
532,1385.06,2018-09-07,532
533,13226.72,2023-11-26,533
534,3945.37,2023-09-27,534
535,10488.57,2016-12-17,535
536,13995.31,2021-02-09,536
537,302.65,2023-03-20,537
538,397.07,2023-06-16,538
539,10593.47,2022-08-23,539
540,841.31,2021-07-18,540
541,12518.37,2018-12-15,541
542,939.89,2019-04-17,542
543,1887.55,2021-09-29,543
544,13945.2,2020-01-06,544
545,1770.5,2022-09-11,545
546,10186.49,2022-07-07,546
547,13243.36,2022-05-23,547
548,9455.89,2023-11-26,548
549,11396.63,2018-01-19,549
550,7890.6,2019-12-04,550
551,3211.01,2017-12-30,551
552,9914.57,2020-03-31,552
553,13077.35,2019-01-16,553
554,12478.15,2023-10-02,554
555,980.19,2023-09-27,555
556,9693.1,2023-03-23,556
557,770.93,2023-11-26,557
558,828.9,2021-04-27,558
559,13288.95,2020-09-07,559
560,9126.85,2023-11-13,560
561,3333.18,2023-10-24,561
562,13506.92,2022-07-29,562
563,1628.71,2018-06-05,563
564,3784.71,2023-09-22,564
565,12102.91,2020-09-01,565
566,11708.72,2022-06-21,566
567,13870.97,2023-08-19,567
568,11728.1,2023-10-05,568
569,3087.74,2023-09-22,569
570,13361.38,2022-09-06,570
571,2037.42,2021-11-07,571
572,7302.2,2023-05-28,572
573,3631.71,2023-07-25,573
574,12907.31,2017-12-02,574
575,1487.41,2021-04-20,575
576,9592.62,2021-06-20,576
577,5648.5,2021-09-24,577
578,8663.36,2019-04-18,578
579,11333.28,2019-11-25,579
580,1184.33,2023-11-26,580
581,3154.96,2017-08-22,581
582,13021.36,2021-01-28,582
583,4846.49,2023-04-14,583
584,235.65,2019-06-21,584
585,5501.01,2020-02-23,585
586,2956.96,2023-11-26,586
587,4909.16,2023-03-25,587
588,8290.2,2023-06-12,588
589,4056.24,2019-11-25,589
590,14660.5,2021-06-30,590
591,1867.22,2023-08-03,591
592,1769.71,2021-12-07,592
593,4460.95,2021-09-04,593
594,2305.39,2023-05-29,594
595,14913.15,2023-02-08,595
596,6266.73,2022-02-03,596
597,349.17,2023-04-04,597
598,2717.47,2023-11-26,598
599,6357.58,2020-03-09,599
600,827.45,2020-06-15,600
601,11998.86,2023-08-29,601
602,6285.28,2023-02-02,602
603,13285.59,2021-05-29,603
604,1793.14,2023-06-17,604
605,867.19,2022-06-16,605
606,5732.0,2023-05-20,606
607,3739.02,2018-11-24,607
608,8421.09,2020-04-21,608
609,8098.89,2022-02-21,609
610,6505.18,2022-12-21,610
611,14075.13,2023-10-12,611
612,7206.89,2022-08-01,612
613,5470.9,2023-09-04,613
614,4225.25,2021-11-16,614
615,6974.28,2022-05-22,615
616,13354.8,2019-05-25,616
617,3327.18,2023-05-09,617
618,6556.66,2017-01-18,618
619,1980.56,2023-11-26,619
620,3148.97,2022-08-10,620
621,14934.22,2022-05-11,621
622,14344.72,2021-06-03,622
623,1875.94,2017-10-19,623
624,2764.08,2023-11-26,624
625,2124.22,2022-11-18,625
626,2340.82,2023-11-26,626
627,6130.91,2021-03-24,627
628,14989.46,2022-06-29,628
629,6771.9,2021-11-13,629
630,5793.63,2023-11-26,630
631,3000.5,2023-11-26,631
632,8401.5,2020-11-17,632
633,10746.06,2023-03-17,633
634,14578.02,2020-09-03,634
635,708.73,2023-11-26,635
636,9135.93,2021-11-19,636
637,2280.53,2023-08-01,637
638,7588.33,2019-01-19,638
639,14010.15,2017-11-01,639
640,3272.84,2023-07-03,640
641,6930.7,2022-08-23,641
642,6379.84,2020-05-27,642
643,1032.86,2022-11-23,643
644,5148.08,2023-11-26,644
645,7966.93,2021-11-11,645
646,6556.72,2021-11-09,646
647,14499.46,2021-02-11,647
648,2649.21,2023-02-20,648
649,2977.87,2019-02-06,649
650,12851.03,2023-04-08,650
651,7314.46,2022-08-16,651
652,2332.68,2022-12-12,652
653,6726.92,2020-04-14,653
654,4073.44,2019-08-12,654
655,5017.55,2023-11-26,655
656,2783.13,2022-08-11,656
657,7770.92,2018-09-05,657
658,4767.48,2019-01-08,658
659,1512.47,2017-09-10,659
660,13333.27,2019-11-03,660
661,471.04,2016-07-19,661
662,819.76,2022-02-15,662
663,1076.85,2018-04-12,663
664,3871.51,2023-11-26,664
665,13593.0,2020-08-20,665
666,7979.75,2019-08-01,666
667,8024.98,2016-09-05,667
668,13663.76,2023-11-26,668
669,5247.84,2021-08-19,669
670,10224.37,2018-05-24,670
671,14663.82,2016-07-23,671
672,3662.34,2022-05-27,672
673,6313.37,2023-07-08,673
674,14386.84,2022-01-14,674
675,7434.14,2023-07-18,675
676,8329.51,2023-02-01,676
677,2799.7,2020-10-31,677
678,10325.14,2023-06-05,678
679,13823.11,2022-08-12,679
680,309.4,2021-11-29,680
681,11269.17,2018-01-25,681
682,683.05,2023-10-13,682
683,2458.81,2023-05-21,683
684,8720.53,2017-02-11,684
685,14902.95,2022-10-03,685
686,9974.81,2020-08-07,686
687,1837.37,2023-11-16,687
688,5184.01,2021-05-09,688
689,5853.98,2021-04-11,689
690,9206.29,2022-03-03,690
691,11231.94,2023-11-26,691
692,9520.63,2017-11-30,692
693,13830.43,2023-03-21,693
694,14791.72,2022-11-24,694
695,4921.03,2022-05-25,695
696,721.67,2021-02-25,696
697,2415.42,2023-04-03,697
698,235.15,2020-02-12,698
699,4294.82,2023-11-21,699
700,2242.9,2020-01-17,700
701,13592.29,2022-08-11,701
702,14513.93,2022-08-30,702
703,2053.38,2022-09-01,703
704,6907.29,2023-11-26,704
705,9446.22,2023-11-26,705
706,9615.39,2023-11-26,706
707,2470.61,2023-11-26,707
708,3236.22,2019-11-14,708
709,11037.89,2019-02-02,709
710,12692.52,2022-06-08,710
711,11580.55,2023-08-24,711
712,589.36,2023-05-07,712
713,2456.89,2016-10-10,713
714,4821.37,2020-12-13,714
715,6058.19,2023-05-12,715
716,1856.68,2023-06-24,716
717,2262.05,2021-04-21,717
718,12887.52,2023-05-10,718
719,13823.01,2017-09-24,719
720,12772.37,2018-12-07,720
721,2172.16,2018-10-07,721
722,2029.34,2022-09-08,722
723,2902.65,2023-10-11,723
724,1104.0,2023-08-18,724
725,703.1,2023-02-20,725
726,3860.91,2020-10-27,726
727,650.29,2016-11-10,727
728,9365.79,2020-09-04,728
729,5085.54,2019-01-05,729
730,9818.35,2023-11-26,730
731,13005.77,2021-09-20,731
732,14958.02,2023-01-26,732
733,4933.34,2017-07-28,733
734,4535.46,2022-04-06,734
735,1440.81,2020-08-08,735
736,3267.21,2021-04-23,736
737,940.79,2023-11-26,737
738,6633.1,2021-08-07,738
739,446.29,2023-09-21,739
740,14945.09,2022-12-13,740
741,2939.28,2021-04-07,741
742,13246.99,2023-03-31,742
743,558.43,2023-05-13,743
744,13975.11,2022-03-08,744
745,6931.73,2020-06-20,745
746,14556.05,2020-11-10,746
747,14002.67,2022-04-06,747
748,5050.06,2020-07-28,748
749,2394.34,2023-10-09,749
750,3470.72,2019-10-16,750
751,506.98,2020-06-16,751
752,6898.55,2019-08-07,752
753,5546.7,2023-02-24,753
754,8030.42,2023-11-26,754
755,13056.66,2021-06-20,755
756,12259.78,2023-11-26,756
757,5784.92,2019-01-02,757
758,8552.29,2018-09-03,758
759,11427.02,2023-11-26,759
760,9861.83,2023-10-13,760
761,11065.19,2022-04-15,761
762,8729.85,2022-07-24,762
763,5757.61,2019-12-30,763
764,5851.12,2023-11-26,764
765,5000.16,2023-11-26,765
766,8428.42,2023-11-01,766
767,9685.94,2021-11-08,767
768,6081.64,2022-02-26,768
769,1683.74,2023-01-12,769
770,215.05,2016-11-10,770
771,6692.66,2022-11-01,771
772,7320.87,2023-11-26,772
773,8588.43,2022-07-05,773
774,3407.44,2021-10-12,774
775,10979.09,2021-06-09,775
776,1437.82,2021-12-27,776
777,14290.41,2023-01-31,777
778,3373.89,2022-09-17,778
779,6204.83,2021-12-13,779
780,10442.13,2023-11-26,780
781,12901.25,2019-12-20,781
782,5615.92,2018-05-17,782
783,3670.35,2021-10-03,783
784,14056.7,2023-07-30,784
785,7270.55,2023-04-13,785
786,4952.97,2023-07-01,786
787,4766.72,2023-02-05,787
788,6737.9,2016-09-11,788
789,13445.82,2019-12-03,789
790,9317.89,2022-03-23,790
791,6288.63,2022-11-17,791
792,7279.92,2022-01-13,792
793,3722.59,2023-11-26,793
794,2603.46,2022-09-09,794
795,2654.95,2023-11-12,795
796,13113.16,2023-11-26,796
797,12062.77,2020-12-29,797
798,8560.26,2021-04-21,798
799,14037.89,2023-11-26,799
800,8721.12,2020-02-25,800
801,5073.27,2022-04-01,801
802,7271.71,2020-04-23,802
803,5652.99,2023-11-05,803
804,6100.83,2019-03-13,804
805,2634.3,2021-11-20,805
806,4320.62,2018-10-08,806
807,516.94,2020-08-10,807
808,14151.1,2023-08-24,808
809,6816.27,2021-03-13,809
810,6559.77,2016-11-09,810
811,12454.99,2023-11-06,811
812,7828.26,2022-04-30,812
813,4333.68,2023-09-07,813
814,8106.21,2020-02-10,814
815,2054.83,2023-10-08,815
816,817.13,2022-04-22,816
817,737.36,2022-08-03,817
818,7710.46,2021-03-06,818
819,6164.67,2023-11-26,819
820,10737.11,2023-11-26,820
821,1441.75,2023-11-26,821
822,13019.48,2023-05-02,822
823,14741.16,2021-03-31,823
824,332.42,2020-06-19,824
825,8417.15,2018-10-13,825
826,2412.16,2019-01-27,826
827,7615.53,2020-05-02,827
828,3262.31,2022-08-24,828
829,849.57,2020-03-25,829
830,4232.66,2019-09-04,830
831,9053.56,2022-11-03,831
832,8602.25,2020-09-13,832
833,10182.01,2023-11-26,833
834,9915.67,2022-09-18,834
835,14218.73,2019-06-28,835
836,8982.05,2022-02-12,836
837,10612.38,2021-11-07,837
838,13655.63,2023-04-04,838
839,12049.02,2023-10-07,839
840,9027.89,2023-03-30,840
841,3413.24,2019-04-11,841
842,12051.48,2022-05-17,842
843,7247.23,2017-09-22,843
844,10966.78,2023-01-18,844
845,10357.94,2023-11-09,845
846,11221.56,2023-02-09,846
847,1191.89,2020-02-06,847
848,12218.03,2021-12-02,848
849,1124.12,2023-11-26,849
850,1035.92,2021-11-24,850
851,7817.99,2017-06-15,851
852,7535.53,2022-05-04,852
853,10633.22,2023-11-26,853
854,1023.85,2018-04-17,854
855,7990.9,2018-06-04,855
856,11017.75,2023-08-17,856
857,5070.01,2023-07-17,857
858,7830.04,2020-06-07,858
859,9176.93,2023-11-26,859
860,3967.85,2021-06-06,860
861,13535.28,2019-03-01,861
862,6306.53,2023-11-09,862
863,2506.15,2023-11-26,863
864,14054.34,2022-10-24,864
865,10599.28,2023-11-26,865
866,708.77,2023-02-11,866
867,11205.47,2021-10-09,867
868,12641.53,2021-10-01,868
869,13209.17,2021-11-02,869
870,4744.17,2023-11-20,870
871,3009.46,2023-04-03,871
872,7861.08,2023-11-26,872
873,8534.62,2020-09-17,873
874,13744.59,2022-04-24,874
875,9196.97,2023-09-05,875
876,5763.87,2023-03-14,876
877,8975.96,2023-09-21,877
878,2271.62,2020-10-31,878
879,13371.39,2022-07-09,879
880,14167.37,2023-08-10,880
881,14118.41,2023-09-29,881
882,754.69,2023-03-05,882
883,2857.61,2022-02-13,883
884,5250.34,2023-07-29,884
885,9126.44,2017-05-02,885
886,7069.77,2021-10-20,886
887,8352.12,2019-06-13,887
888,4766.89,2019-10-01,888
889,10225.48,2023-07-19,889
890,1102.21,2023-10-11,890
891,4080.85,2023-10-27,891
892,484.71,2018-11-08,892
893,7405.73,2020-05-17,893
894,788.51,2023-04-26,894
895,1310.02,2021-10-31,895
896,4893.01,2022-02-10,896
897,8285.44,2023-11-26,897
898,8261.46,2023-11-26,898
899,2637.6,2023-11-07,899
900,14938.53,2019-10-05,900
901,9327.91,2023-11-26,901
902,10148.57,2019-08-17,902
903,618.74,2019-03-24,903
904,13583.49,2023-07-18,904
905,3244.93,2023-11-05,905
906,1132.29,2020-03-29,906
907,2681.92,2020-12-12,907
908,1428.75,2023-11-26,908
909,11021.02,2023-05-25,909
910,3186.24,2022-06-12,910
911,406.88,2020-01-07,911
912,9101.65,2017-02-08,912
913,3418.31,2019-08-07,913
914,13826.97,2023-10-29,914
915,4699.04,2023-08-12,915
916,2710.96,2020-08-11,916
917,10683.65,2021-12-01,917
918,10239.83,2023-11-06,918
919,2572.05,2018-01-19,919
920,13082.14,2020-11-22,920
921,9151.04,2021-09-05,921
922,8323.9,2022-12-02,922
923,11120.37,2022-08-10,923
924,8794.95,2021-10-04,924
925,3456.0,2023-07-02,925
926,2108.68,2023-06-28,926
927,2716.9,2017-04-17,927
928,2024.73,2023-11-26,928
929,472.61,2020-02-10,929
930,5816.8,2022-07-01,930
931,7309.3,2023-11-26,931
932,3605.21,2023-02-15,932
933,8789.32,2023-07-30,933
934,5671.61,2022-10-05,934
935,14718.37,2022-06-22,935
936,13326.1,2022-05-03,936
937,1904.69,2019-04-26,937
938,13870.3,2021-04-18,938
939,5659.32,2020-09-07,939
940,5795.43,2022-11-24,940
941,6903.89,2019-07-28,941
942,1284.8,2017-07-31,942
943,4300.09,2023-10-01,943
944,691.29,2022-09-25,944
945,3033.57,2020-06-11,945
946,8872.49,2021-07-09,946
947,682.52,2023-08-26,947
948,12967.52,2022-09-27,948
949,3174.5,2021-04-16,949
950,13583.14,2017-04-25,950
951,10576.85,2023-11-26,951
952,1504.81,2021-11-05,952
953,9485.39,2021-07-22,953
954,10124.42,2023-11-11,954
955,228.48,2023-04-29,955
956,2052.49,2022-06-18,956
957,14555.71,2018-11-12,957
958,11150.29,2021-07-19,958
959,3226.7,2021-09-28,959
960,9931.6,2022-11-03,960
961,8777.79,2023-03-20,961
962,14057.37,2021-05-22,962
963,4442.19,2021-09-02,963
964,778.96,2020-01-06,964
965,4145.05,2020-09-25,965
966,10757.53,2021-12-21,966
967,1462.14,2023-11-26,967
968,10737.63,2022-10-24,968
969,7829.84,2023-11-04,969
970,8549.46,2020-12-20,970
971,12137.94,2020-05-09,971
972,13520.36,2018-12-09,972
973,9997.27,2023-06-29,973
974,7470.21,2023-05-27,974
975,12910.23,2023-10-25,975
976,3574.57,2022-05-15,976
977,3230.59,2021-09-17,977
978,5996.71,2023-11-26,978
979,4573.21,2023-11-26,979
980,546.47,2021-09-18,980
981,12012.23,2020-07-18,981
982,501.14,2023-09-28,982
983,2506.68,2022-05-04,983
984,4299.81,2020-05-06,984
985,6328.61,2023-03-13,985
986,3446.31,2023-09-15,986
987,11414.56,2018-04-02,987
988,4164.94,2017-02-10,988
989,7019.1,2023-10-15,989
990,1926.08,2023-11-26,990
991,9711.63,2023-11-26,991
992,11556.61,2022-11-17,992
993,322.08,2023-03-12,993
994,11879.17,2023-11-26,994
995,8762.8,2020-05-28,995
996,970.51,2021-11-01,996
997,7004.19,2017-11-07,997
998,829.34,2022-11-17,998
999,564.54,2023-11-26,999
1000,8684.98,2016-11-07,1000
1001,8515.3,2022-06-09,1001
1002,9098.96,2023-11-26,1002
1003,10261.04,2022-01-27,1003
1004,3691.42,2020-06-08,1004
1005,3555.81,2023-11-26,1005
1006,7576.21,2021-01-18,1006
1007,7105.5,2020-08-30,1007
1008,11192.82,2023-06-09,1008
1009,4708.36,2020-04-10,1009
1010,4075.29,2023-01-12,1010
1011,11784.86,2023-07-06,1011
1012,12108.16,2023-01-15,1012
1013,10333.63,2022-10-28,1013
1014,1399.85,2023-09-11,1014
1015,6034.23,2023-03-20,1015
1016,13142.05,2018-05-27,1016
1017,7899.07,2022-03-03,1017
1018,8604.4,2023-07-17,1018
1019,7735.28,2019-02-03,1019
1020,6056.54,2021-10-17,1020
1021,10149.82,2020-06-18,1021
1022,10038.58,2017-01-21,1022
1023,11238.42,2023-11-26,1023
1024,1544.07,2022-10-23,1024
1025,2483.95,2021-09-24,1025
1026,450.34,2022-04-12,1026
1027,8552.67,2020-12-14,1027
1028,10466.12,2019-02-24,1028
1029,1672.16,2023-02-28,1029
1030,6261.82,2023-11-26,1030
1031,8023.77,2023-11-02,1031
1032,6910.2,2017-02-03,1032
1033,2935.02,2022-01-11,1033
1034,7922.12,2021-07-24,1034
1035,1557.95,2019-06-21,1035
1036,1671.26,2020-08-27,1036
1037,9173.35,2020-09-08,1037
1038,9964.81,2023-01-17,1038
1039,9504.16,2023-10-07,1039
1040,9197.43,2022-09-16,1040
1041,6911.0,2023-11-13,1041
1042,14390.24,2017-06-20,1042
1043,1637.28,2023-11-26,1043
1044,10168.89,2023-09-08,1044
1045,12131.49,2017-08-24,1045
1046,8015.12,2020-01-28,1046
1047,10893.36,2023-08-06,1047
1048,819.26,2022-02-06,1048
1049,6629.59,2019-06-20,1049
1050,10768.57,2019-03-02,1050
1051,3915.22,2022-09-20,1051
1052,8683.36,2023-05-26,1052
1053,1520.84,2023-08-01,1053
1054,8995.65,2023-11-26,1054
1055,2963.48,2023-11-26,1055
1056,244.3,2022-07-17,1056
1057,10437.03,2023-11-26,1057
1058,7854.56,2023-11-26,1058
1059,785.01,2022-07-11,1059
1060,14261.84,2018-11-15,1060
1061,11451.8,2018-10-26,1061
1062,14610.89,2021-02-04,1062
1063,5749.98,2018-12-24,1063
1064,4279.14,2020-02-02,1064
1065,6706.11,2020-01-27,1065
1066,7724.16,2022-02-23,1066
1067,6556.86,2023-11-03,1067
1068,9777.87,2019-06-20,1068
1069,8354.29,2021-09-24,1069
1070,889.14,2022-12-22,1070
1071,14647.12,2023-11-26,1071
1072,13621.96,2023-01-04,1072
1073,7970.45,2023-11-24,1073
1074,8052.66,2020-02-23,1074
1075,5190.89,2016-05-03,1075
1076,9367.23,2023-11-26,1076
1077,2068.3,2023-11-23,1077
1078,2684.23,2018-08-13,1078
1079,4115.21,2022-03-11,1079
1080,2168.26,2016-09-17,1080
1081,4449.19,2022-10-17,1081
1082,5312.55,2023-04-30,1082
1083,11114.13,2019-12-06,1083
1084,2054.07,2019-10-22,1084
1085,10269.05,2019-12-12,1085
1086,1910.19,2021-12-27,1086
1087,10468.1,2020-08-23,1087
1088,1201.66,2016-09-30,1088
1089,5555.63,2021-10-21,1089
1090,2129.77,2022-04-16,1090
1091,8257.74,2022-12-26,1091
1092,13058.6,2020-08-28,1092
1093,11952.43,2020-04-14,1093
1094,14614.58,2022-05-04,1094
1095,9166.48,2023-01-23,1095
1096,4731.15,2019-02-07,1096
1097,2995.98,2023-09-27,1097
1098,3275.62,2023-02-06,1098
1099,9075.73,2023-03-26,1099
1100,1073.04,2017-06-18,1100
1101,10676.98,2023-08-18,1101
1102,1112.75,2023-04-13,1102
1103,13560.5,2019-03-20,1103
1104,5470.19,2016-08-09,1104
1105,10190.17,2023-01-05,1105
1106,2922.9,2022-04-24,1106
1107,12182.02,2018-11-12,1107
1108,14057.53,2023-11-26,1108
1109,12993.7,2018-07-16,1109
1110,5953.75,2021-06-26,1110
1111,9386.59,2019-10-09,1111
1112,5391.59,2021-06-25,1112
1113,8609.48,2019-05-08,1113
1114,14073.77,2018-03-08,1114
1115,6316.12,2019-12-23,1115
1116,10037.97,2022-09-11,1116
1117,2805.24,2023-07-25,1117
1118,4183.42,2022-06-09,1118
1119,5268.79,2022-01-17,1119
1120,10895.74,2023-08-08,1120
1121,12136.92,2023-01-09,1121
1122,7459.21,2023-11-26,1122
1123,11651.17,2023-07-07,1123
1124,4617.3,2023-11-26,1124
1125,3609.51,2021-03-03,1125
1126,8092.46,2022-04-27,1126
1127,2425.64,2018-12-04,1127
1128,3154.55,2021-05-26,1128
1129,13602.37,2021-12-02,1129
1130,11888.36,2019-09-15,1130
1131,2902.57,2021-10-15,1131
1132,6382.2,2022-07-29,1132
1133,6737.91,2019-02-25,1133
1134,9189.13,2023-01-30,1134
1135,6820.43,2021-01-08,1135
1136,11330.32,2022-07-12,1136
1137,6511.55,2023-11-26,1137
1138,7596.94,2023-11-26,1138
1139,1134.38,2023-01-03,1139
1140,3344.27,2023-06-15,1140
1141,5021.18,2023-03-19,1141
1142,11781.38,2023-02-12,1142
1143,2711.29,2023-08-12,1143
1144,2233.33,2023-11-26,1144
1145,13848.25,2023-11-26,1145
1146,13048.39,2020-09-26,1146
1147,13948.08,2022-06-20,1147
1148,1322.03,2022-11-20,1148
1149,11644.73,2022-04-04,1149
1150,11746.94,2022-07-29,1150
1151,9268.48,2021-07-14,1151
1152,12696.09,2020-01-03,1152
1153,701.28,2023-03-21,1153
1154,923.08,2021-08-05,1154
1155,12420.14,2019-09-15,1155
1156,7601.0,2023-09-21,1156
1157,2363.33,2020-03-12,1157
1158,8862.68,2019-12-19,1158
1159,8503.1,2019-09-03,1159
1160,12663.63,2023-11-26,1160
1161,2826.04,2022-02-08,1161
1162,1728.96,2023-11-26,1162
1163,1473.35,2023-11-26,1163
1164,9209.09,2021-05-12,1164
1165,4542.14,2022-11-01,1165
1166,7210.3,2022-04-06,1166
1167,7085.42,2022-03-15,1167
1168,3348.48,2023-05-01,1168
1169,12715.05,2023-11-26,1169
1170,3103.33,2023-03-29,1170
1171,5792.11,2019-08-23,1171
1172,13100.06,2023-10-15,1172
1173,7208.57,2023-05-31,1173
1174,3476.34,2017-02-08,1174
1175,1362.76,2019-05-07,1175
1176,5930.43,2023-11-26,1176
1177,14267.76,2023-11-26,1177
1178,9141.0,2023-11-26,1178
1179,9891.81,2019-09-14,1179
1180,12623.22,2018-03-27,1180
1181,7892.04,2019-08-06,1181
1182,9703.93,2022-02-07,1182
1183,1713.99,2023-11-26,1183
1184,5157.07,2018-12-27,1184
1185,6505.84,2020-11-19,1185
1186,5304.12,2021-12-17,1186
1187,12629.13,2023-08-12,1187
1188,9746.27,2023-11-26,1188
1189,4714.56,2017-05-19,1189
1190,11316.0,2022-10-28,1190
1191,1362.94,2022-09-07,1191
1192,7892.49,2022-10-08,1192
1193,4848.07,2021-08-09,1193
1194,12689.92,2023-10-02,1194
1195,11579.89,2021-04-26,1195
1196,2671.22,2022-03-20,1196
1197,10099.09,2023-11-26,1197
1198,8515.01,2022-10-29,1198
1199,4580.01,2020-12-31,1199
1200,7360.06,2023-03-25,1200
1201,6816.74,2022-03-11,1201
1202,4702.6,2023-09-13,1202
1203,12280.54,2023-11-06,1203
1204,13081.19,2023-11-26,1204
1205,12932.89,2022-10-10,1205
1206,13826.63,2020-02-20,1206
1207,5447.52,2018-11-06,1207
1208,1852.66,2023-11-24,1208
1209,9139.8,2021-08-06,1209
1210,3216.48,2021-12-17,1210
1211,13899.1,2023-08-06,1211
1212,11608.46,2022-01-12,1212
1213,13360.26,2020-05-14,1213
1214,14613.26,2023-08-21,1214
1215,2203.39,2023-11-26,1215
1216,8193.45,2017-06-06,1216
1217,6388.52,2020-04-14,1217
1218,10380.59,2023-03-22,1218
1219,1358.73,2021-05-21,1219
1220,5585.54,2021-08-16,1220
1221,9626.96,2021-04-14,1221
1222,11810.83,2023-06-03,1222
1223,13434.29,2017-09-04,1223
1224,12412.1,2023-03-14,1224
1225,2906.49,2020-05-04,1225
1226,1187.31,2018-12-08,1226
1227,2842.54,2018-04-19,1227
1228,2517.27,2022-11-20,1228
1229,7348.47,2020-10-05,1229
1230,12798.63,2019-09-13,1230
1231,11114.46,2020-06-11,1231
1232,5943.82,2023-09-16,1232
1233,1814.01,2022-04-10,1233
1234,906.89,2021-01-14,1234
1235,3532.74,2020-09-04,1235
1236,10513.54,2022-06-29,1236
1237,12342.79,2022-10-04,1237
1238,861.73,2023-11-26,1238
1239,8490.21,2017-06-04,1239
1240,3317.74,2022-08-19,1240
1241,7056.79,2023-03-16,1241
1242,6289.56,2021-04-27,1242
1243,14476.36,2018-12-01,1243
1244,3895.05,2019-03-14,1244
1245,5215.78,2021-11-14,1245
1246,12305.48,2022-01-25,1246
1247,11457.49,2021-10-20,1247
1248,3663.16,2023-11-26,1248
1249,13886.96,2023-02-16,1249
1250,7434.35,2021-02-24,1250
1251,498.12,2020-07-12,1251
1252,6611.23,2022-01-22,1252
1253,1730.91,2023-08-15,1253
1254,2646.32,2023-07-28,1254
1255,9753.49,2021-11-07,1255
1256,10647.43,2021-09-21,1256
1257,14390.27,2023-11-06,1257
1258,5917.44,2020-07-25,1258
1259,12725.01,2017-09-13,1259
1260,1615.57,2023-11-12,1260
1261,679.03,2023-02-20,1261
1262,4270.27,2020-08-08,1262
1263,5284.02,2021-04-14,1263
1264,5935.77,2019-12-27,1264
1265,13426.45,2022-08-04,1265
1266,4299.93,2023-07-02,1266
1267,12842.63,2022-03-17,1267
1268,7714.29,2018-09-27,1268
1269,12837.31,2022-11-15,1269
1270,1957.81,2023-11-26,1270
1271,405.56,2020-12-10,1271
1272,2143.74,2020-04-03,1272
1273,7848.01,2022-09-09,1273
1274,2193.31,2023-10-08,1274
1275,12674.33,2022-08-06,1275
1276,9517.79,2022-01-15,1276
1277,11512.27,2022-02-08,1277
1278,2386.81,2021-06-17,1278
1279,6397.79,2023-05-12,1279
1280,10536.35,2023-09-18,1280
1281,14878.47,2019-08-17,1281
1282,11394.27,2023-06-02,1282
1283,5248.68,2023-08-09,1283
1284,7100.48,2019-11-18,1284
1285,5393.71,2017-08-23,1285
1286,1890.08,2023-11-26,1286
1287,2433.3,2018-05-20,1287
1288,10770.28,2022-02-20,1288
1289,4887.04,2018-04-24,1289
1290,4247.57,2019-09-20,1290
1291,13580.56,2018-04-05,1291
1292,6508.3,2022-12-26,1292
1293,4279.71,2023-11-26,1293
1294,3483.65,2023-01-06,1294
1295,5927.3,2021-09-22,1295
1296,9262.11,2023-06-09,1296
1297,9948.21,2022-11-21,1297
1298,9925.95,2019-08-21,1298
1299,11716.93,2020-03-03,1299
1300,14383.85,2022-03-10,1300
1301,11447.85,2023-05-17,1301
1302,3297.7,2023-11-26,1302
1303,1946.08,2023-02-28,1303
1304,12109.07,2018-05-29,1304
1305,14132.71,2023-01-20,1305
1306,10396.99,2023-01-01,1306
1307,2951.76,2021-10-08,1307
1308,13041.95,2020-10-04,1308
1309,4730.28,2023-09-30,1309
1310,6373.31,2021-06-14,1310
1311,9541.83,2023-08-29,1311
1312,12254.25,2021-04-03,1312
1313,5969.09,2023-08-19,1313
1314,2814.97,2019-03-19,1314
1315,13353.07,2023-11-02,1315
1316,1991.13,2023-07-26,1316
1317,5836.18,2019-08-12,1317
1318,8581.87,2023-08-24,1318
1319,11716.59,2023-03-29,1319
1320,4799.5,2022-05-12,1320
1321,993.58,2019-09-10,1321
1322,1839.47,2023-11-26,1322
1323,10545.62,2021-08-27,1323
1324,8428.48,2021-04-07,1324
1325,2262.45,2020-03-13,1325
1326,12894.14,2019-06-08,1326
1327,10082.14,2022-03-28,1327
1328,9436.03,2023-08-25,1328
1329,14992.2,2023-11-26,1329
1330,9151.4,2022-03-24,1330
1331,6370.27,2023-06-21,1331
1332,9158.13,2021-07-25,1332
1333,9109.28,2022-03-26,1333
1334,14276.03,2023-11-05,1334
1335,12973.91,2019-05-06,1335
1336,9439.81,2023-01-25,1336
1337,7739.72,2022-07-25,1337
1338,4089.79,2022-05-16,1338
1339,1043.76,2023-11-26,1339
1340,4438.97,2023-08-22,1340
1341,384.42,2022-01-08,1341
1342,14066.0,2022-01-13,1342
1343,887.16,2023-05-07,1343
1344,14255.42,2020-09-09,1344
1345,7976.02,2019-05-28,1345
1346,14778.84,2020-02-25,1346
1347,8876.44,2023-11-26,1347
1348,9177.91,2018-11-13,1348
1349,4485.56,2023-11-24,1349
1350,10502.57,2021-02-22,1350
1351,11061.63,2022-01-28,1351
1352,14724.13,2022-07-30,1352
1353,3216.63,2023-05-24,1353
1354,4675.47,2022-04-03,1354
1355,14221.0,2023-11-26,1355
1356,8595.98,2023-08-10,1356
1357,8790.81,2019-08-10,1357
1358,6630.35,2023-04-10,1358
1359,2790.92,2022-07-08,1359
1360,5113.63,2021-07-02,1360
1361,5287.89,2018-08-11,1361
1362,8085.02,2022-07-07,1362
1363,6480.39,2023-07-04,1363
1364,12108.0,2022-12-12,1364
1365,3927.66,2020-07-14,1365
1366,3580.19,2023-08-31,1366
1367,356.79,2020-06-30,1367
1368,3905.22,2022-03-26,1368
1369,5325.93,2019-02-24,1369
1370,8361.8,2020-01-27,1370
1371,1437.88,2021-08-02,1371
1372,8388.51,2023-02-10,1372
1373,2407.81,2021-12-03,1373
1374,2330.49,2022-09-29,1374
1375,9416.0,2021-08-06,1375
1376,13450.16,2021-10-28,1376
1377,3763.27,2021-10-13,1377
1378,11797.98,2022-04-12,1378
1379,13193.26,2023-02-14,1379
1380,8481.13,2019-05-27,1380
1381,9965.97,2021-03-28,1381
1382,4691.91,2019-07-02,1382
1383,5347.89,2023-11-26,1383
1384,2781.8,2023-11-26,1384
1385,5708.99,2020-01-29,1385
1386,11521.01,2017-04-15,1386
1387,2678.45,2023-05-20,1387
1388,2228.85,2021-04-10,1388
1389,7800.69,2021-07-20,1389
1390,12160.47,2022-07-31,1390
1391,13589.14,2022-01-23,1391
1392,4097.13,2019-11-17,1392
1393,12898.04,2022-10-18,1393
1394,4307.04,2020-04-29,1394
1395,10329.01,2022-08-09,1395
1396,1659.58,2023-11-26,1396
1397,7870.06,2022-08-25,1397
1398,5945.58,2020-10-02,1398
1399,11965.14,2018-02-24,1399
1400,3858.58,2016-10-09,1400
1401,3636.6,2021-05-25,1401
1402,10774.49,2020-02-22,1402
1403,7899.57,2021-12-26,1403
1404,1476.08,2022-11-12,1404
1405,684.54,2018-08-06,1405
1406,13500.66,2022-12-16,1406
1407,4844.78,2023-09-08,1407
1408,11667.64,2018-09-18,1408
1409,295.84,2023-11-26,1409
1410,4322.68,2023-06-06,1410
1411,3638.02,2016-10-17,1411
1412,3940.1,2021-05-15,1412
1413,13759.12,2017-05-16,1413
1414,2792.02,2023-10-10,1414
1415,10155.91,2022-11-02,1415
1416,4852.19,2020-05-19,1416
1417,5657.77,2021-08-09,1417
1418,11331.81,2023-06-10,1418
1419,13970.75,2023-07-05,1419
1420,1301.11,2022-03-23,1420
1421,2177.27,2023-09-01,1421
1422,12574.25,2018-12-04,1422
1423,5641.19,2016-05-14,1423
1424,8233.87,2022-01-16,1424
1425,9801.8,2021-06-30,1425
1426,7211.73,2020-11-07,1426
1427,7275.74,2023-11-05,1427
1428,12217.08,2023-11-26,1428
1429,11380.79,2023-11-04,1429
1430,441.49,2021-03-28,1430
1431,7505.17,2023-11-26,1431
1432,12650.35,2023-11-06,1432
1433,2883.4,2017-01-02,1433
1434,720.95,2023-07-03,1434
1435,6269.93,2023-10-27,1435
1436,9478.39,2023-03-15,1436
1437,5765.24,2022-12-06,1437
1438,12031.04,2021-08-23,1438
1439,6541.01,2023-11-26,1439
1440,9253.97,2021-05-12,1440
1441,6598.11,2023-11-26,1441
1442,3773.06,2021-01-08,1442
1443,11846.83,2022-09-02,1443
1444,10638.99,2022-09-13,1444
1445,6548.02,2018-11-21,1445
1446,2572.91,2020-05-06,1446
1447,8842.86,2022-04-20,1447
1448,14402.58,2021-02-14,1448
1449,1999.51,2022-09-30,1449
1450,7556.1,2018-08-04,1450
1451,1258.31,2022-08-08,1451
1452,2788.35,2023-11-26,1452
1453,10620.33,2023-08-31,1453
1454,7216.06,2022-09-17,1454
1455,12224.33,2023-06-01,1455
1456,14321.1,2019-12-28,1456
1457,7015.32,2023-11-26,1457
1458,5684.31,2022-06-07,1458
1459,734.07,2021-02-19,1459
1460,4585.9,2017-02-10,1460
1461,2831.44,2023-06-15,1461
1462,1112.72,2021-01-09,1462
1463,11884.85,2022-12-29,1463
1464,13796.08,2018-08-23,1464
1465,5143.28,2022-11-27,1465
1466,6400.25,2023-11-26,1466
1467,10138.41,2022-03-29,1467
1468,8205.8,2023-10-31,1468
1469,13975.72,2021-12-18,1469
1470,1375.76,2023-02-18,1470
1471,6074.36,2023-02-15,1471
1472,4561.89,2020-10-27,1472
1473,6562.49,2023-04-07,1473
1474,5140.47,2021-11-09,1474
1475,1803.2,2023-03-07,1475
1476,9213.06,2023-09-30,1476
1477,8594.9,2021-07-22,1477
1478,1285.84,2022-01-08,1478
1479,5017.14,2021-01-20,1479
1480,4018.82,2020-04-26,1480
1481,12514.92,2021-10-26,1481
1482,10057.79,2023-08-31,1482
1483,12811.27,2022-09-22,1483
1484,1087.95,2023-06-26,1484
1485,9453.86,2023-02-09,1485
1486,733.59,2021-10-27,1486
1487,3101.45,2023-08-25,1487
1488,7068.48,2023-11-26,1488
1489,2841.82,2023-01-13,1489
1490,1135.73,2021-12-10,1490
1491,13336.76,2021-02-19,1491
1492,2297.2,2022-10-31,1492
1493,13655.37,2020-07-09,1493
1494,14265.1,2023-11-26,1494
1495,5351.55,2023-03-15,1495
1496,9128.64,2022-09-18,1496
1497,7903.65,2017-10-24,1497
1498,9079.4,2023-06-03,1498
1499,14362.0,2023-02-21,1499
1500,7223.3,2020-11-23,1500
